Namespace(amsgrad=True, ann_path='../mimic_cxr_256/annotation.json', batch_size=160, beam_size=3, block_trigrams=1, bos_idx=0, d_ff=512, d_model=512, d_vf=2048, dataset_name='mimic_cxr', decoding_constraint=0, drop_prob_lm=0.5, dropout=0.1, early_stop=50, eos_idx=0, epochs=30, gamma=0.8, group_size=1, image_dir='../mimic_cxr_256/images/', logit_layers=1, lr_ed=0.0001, lr_scheduler='StepLR', lr_ve=0.0005, max_seq_length=100, monitor_metric='BLEU_4', monitor_mode='max', n_gpu=8, num_heads=8, num_layers=3, num_workers=2, optim='Adam', output_logsoftmax=1, pad_idx=0, record_dir='records/', resume=None, rm_d_model=512, rm_num_heads=8, rm_num_slots=3, sample_method='beam_search', sample_n=1, save_dir='results/mimic_cxr', save_period=1, seed=456789, step_size=1, temperature=1.0, threshold=10, use_bn=0, visual_extractor='resnet101', visual_extractor_pretrained=True, weight_decay=5e-05)
	epoch          : 1
	train_loss     : 2.409264787793934
	val_BLEU_1     : 0.2988582033637786
	val_BLEU_2     : 0.1984777823844371
	val_BLEU_3     : 0.14013034145481268
	val_BLEU_4     : 0.10451077739932897
	val_METEOR     : 0.1280499784764072
	val_ROUGE_L    : 0.30670156331907167
	test_BLEU_1    : 0.2466726458836538
	test_BLEU_2    : 0.15093618912284243
	test_BLEU_3    : 0.09815889716653405
	test_BLEU_4    : 0.06751990769034841
	test_METEOR    : 0.10445975499482862
	test_ROUGE_L   : 0.24976433768242406
Saving checkpoint: results/mimic_cxr/current_checkpoint.pth ...
Saving current best: model_best.pth ...
	epoch          : 2
	train_loss     : 1.7041995777438819
	val_BLEU_1     : 0.28052132750989706
	val_BLEU_2     : 0.18421276517669183
	val_BLEU_3     : 0.12967925976860067
	val_BLEU_4     : 0.09690777534640552
	val_METEOR     : 0.12230361482290031
	val_ROUGE_L    : 0.3050401571445066
	test_BLEU_1    : 0.2341032454839582
	test_BLEU_2    : 0.1434318945463083
	test_BLEU_3    : 0.09433851313958944
	test_BLEU_4    : 0.0663107149094297
	test_METEOR    : 0.10008072776956256
	test_ROUGE_L   : 0.25052279714709086
Saving checkpoint: results/mimic_cxr/current_checkpoint.pth ...
	epoch          : 3
	train_loss     : 1.5828603903921976
	val_BLEU_1     : 0.33281096311471775
	val_BLEU_2     : 0.21838512953408543
	val_BLEU_3     : 0.15194735345362967
	val_BLEU_4     : 0.11052027609013479
	val_METEOR     : 0.13286357563429746
	val_ROUGE_L    : 0.30097003473516537
	test_BLEU_1    : 0.2532359107864786
	test_BLEU_2    : 0.15725195713977685
	test_BLEU_3    : 0.10530412246435124
	test_BLEU_4    : 0.0748909734326398
	test_METEOR    : 0.11001751411542317
	test_ROUGE_L   : 0.2594931960741865
Saving checkpoint: results/mimic_cxr/current_checkpoint.pth ...
Saving current best: model_best.pth ...
	epoch          : 4
	train_loss     : 1.5189397094943997
	val_BLEU_1     : 0.3267728486329794
	val_BLEU_2     : 0.2132584396006732
	val_BLEU_3     : 0.14832623529674352
	val_BLEU_4     : 0.10846645983994825
	val_METEOR     : 0.13006181673673087
	val_ROUGE_L    : 0.30289865801781085
	test_BLEU_1    : 0.274490787238648
	test_BLEU_2    : 0.17002045389796983
	test_BLEU_3    : 0.11357972640654726
	test_BLEU_4    : 0.08070948976463661
	test_METEOR    : 0.10936916041513287
	test_ROUGE_L   : 0.2596283068146033
Saving checkpoint: results/mimic_cxr/current_checkpoint.pth ...
	epoch          : 5
	train_loss     : 1.478021406240176
	val_BLEU_1     : 0.3401866770407129
	val_BLEU_2     : 0.22298372143596643
	val_BLEU_3     : 0.1554670809605061
	val_BLEU_4     : 0.11365951598784811
	val_METEOR     : 0.13508014969031393
	val_ROUGE_L    : 0.3028105242469527
	test_BLEU_1    : 0.2622923698792008
	test_BLEU_2    : 0.1635121965840421
	test_BLEU_3    : 0.10979012351962249
	test_BLEU_4    : 0.07858527003931562
	test_METEOR    : 0.11137304258642862
	test_ROUGE_L   : 0.2602059001301589
Saving checkpoint: results/mimic_cxr/current_checkpoint.pth ...
Saving current best: model_best.pth ...
slurmstepd: error: *** JOB 17047929 ON dgx002 CANCELLED AT 2020-12-25T02:22:02 ***
